dt = 0.05
tf = [1000, 1250.0, 1125.0, 1083.3333333333333, 1062.5, 1050.0, 1041.6666666666667]
w_0 = 0.5
W_0 = 8
f_0 = 4
amort = [0.   0.02 0.04 0.06 0.08 0.1  0.12]
N = 150
X_0 = 10
w = 1.5
